11121000010010110000711010171210
00111000010120110000711010170200
01121010010010110100711011100210
01112000000010110000011010100200
05040405160504051514050505040415
11011000010010117000711010171210
00111010000010110000011110171100
05040404170405041414050405040405
14040404150404041514040505040404
11021110000010110001711010170100
04040404160405040414040505040415
11011010000010110100011010170100
04140404150405041414050404050405
14040404160404041404050504040404
14040404160505041404050404040404
14041404150505041404040404040404
01011000000010010100001710170110
00011000000010010100001010100100
00011000000010110000001010170110
70011110000010010100001010100101
05040404160404040404050404040405
10001010000010010100001010100100
00011010000010110000001010100101
04040404060404040414050505040414
14040404050504040404050505040404
00011110000010010100001010100100
04040404050404041404050504040404
10011110000010010100701010107100
05050404050405040404050504040404
14050404150405040404050504040404
14040404050404040404050504040404
14040404050404040404050504040414
00011101000010011000001000100100
00011110000010000100000000170100
00000011000010011100000000100100
00000010000010010100000010000101
05040404050405040404050504040404
00011110000017010100000010100110
70001010000017010000000010100100
05140404060404040404050505050404
14040404050404040404050504040404
00001100000717010000001017077100
05140404057404040404050404040404
00000010000017000000000000000100
04040404050404040404050504040404
14040404050404740404050404040404
14040404057404040404050405040404
04040404050404740404050404040404
00001010000017010000000007007100
70001010000710000000000007070000
70000111000017010000000007070110
00001000000007010000000007077000
04040404057474040404050404040404
00000010000017010100000007007000
70001000000007001000000000070100
04040474050404040404050505040404
14040404057404040404050504050404
00000010000007010000000007000000
04040404057404740404050404040404
00000010000017010100000007077000
04040404057404040404050404040403
14040404057404040404050404040403
14040404050404740404050404040404
14040404057404040404050505040404
00000010000717000070000017070000
00000000000007000070000000077010
70000700000717000000000007070010
70000700000717000000000007000000
04040404057404740404050405040404
00000000000717010000000007077010
70000000000717001007000007007000
04040404057404740404050474040474
14040404057504040404050404040404
00700000000017000070000007070001
04040404057404040404050474040404
00700700000717000077000017077000
14040404047474730404050404040404
14040404057404040404050404040404
14040404057404040404040574040474
13040404057404040404050474040404
00000700000717000000000007000010
70000700000007000000000007070000
70700700000717000000000007077010
70700000000717000177000007070010
03040404057404740304740504040404
00700710000717000070000000000000
70000010000717000070000007077010
04041474040404040304740475040474
04040474757404740404750504040404
00707000000717000070070007077000
04041404757404740404050474047474
70700000000717000000000007070000
04140474047404040404750574040473
04040404047404740404750404040474
04040404057404740404040404047404
04040404047404740404040474740474
00770000000710007070000007077000
70000000000707007077000007070000
70007000000717007077000007070000
70000707000707000070000007707000
03040404757404730404750474040474
70707007007707000077007007077000
70700700000707000077077007777000
03040474047474030404740474040474
03040403747404740404750475040474
70707001000717007077070007077000
04040404047474740404750474040474
00707700000717000077070007770000
03040403747404740404750474040474
03040473047474740404040474040474
03040404047404740404750474040474
03040404047404040404750474040474
00707707000717007077000707070000
70700707000717000077000007077000
70000707000717000070007007770010
70070770000707000070070007070000
03040404047404040404750405047474
00700007000717000077000007077010
70077707000707000777000007077000
03040404047474740404740474040474
04040474047404740404740474047474
70777700000717007077077007077000
03040473747404040404740474047474
00777000000707007777000007777000
03040403047474740404740474047473
03040473047404740404740474040474
04040404047404740404740404040474
03040403747474730404740404047474
70777700000710007077077007770000
70700700000707007777070007077700
70770700000707007077070007777700
70707700000717007070070707777700
03040473037474740404740474047474
70707707000707000777077007077707
70777777000707007077070707070000
03040474747404740404747474040474
03030473047404740304740404040474
70777000000700007077077007777000
03040404037404740404740474040473
70707700000707000707077007077000
03040403747474740404740474040474
03040404747404740404740474047374
03040404747404740404740474040373
03040404047404740404040474040474
00707770000700000077077007007000
00000000000700000077000000707700
00077700000710000077070007770000
00007000000700007007000000077000
04040404037403040404040404047404
00707770000700007070070007007000
00070007000700007077000000007000
03040404047404040404740404040474
04040474030404740404040404040474
00707000000000000077000000000000
04040404047404040404040404040404
00000700000000000070000000007000
03040404040404040404040404040374
04040404040404040404040404040474
03040404040404040404040404040404
04040404040404040404040404040404
00007000000000000000000000000000
00000000000000000000000000000000
00000007000700000000000000000000
00000000000000000000000000000000
04040404040404040404040404040404
00000000000010000100000000000000
00000000000000000000000000000000
03040404040404040404040404040404
04040404040404040404040404040404
00000000000000000000000000000000
04040404040404040404040504040404
00000000000000000000000000000000
04040404040404040404040404040404
04040404040404040404040404040404
04040404040404040405040404040404
04040404040404040404040404040404
00000000000010000000000000000000
00000000000000100000000000000000
00000000000000000000000000000000
00000000000000000000000000000000
04040404040404040404040404040404
00000000000000000000000000000000
00000000000010000000000000000000
04040404040404040404040404040404
04040404040404040404041404040404
00000000000000000000000000000000
04040404040404040404040404040404
00000000000000000000000000000000
04040404040404040404040404040404
04040404040404040404047404040404
04040404040404040404040404040404
04040404040404040404040404040404
00000000000000000000000000000000
00000000000000000000000000000000
00000000000010000000000000000000
00000000000000000000000000000000
04040404040404040404040404040404
00000000000000000000000000000700
00000000000000000000000000000000
04040404040474040404040404040404
04040404040404040404040404040404
00000000000000000000000000000000
04040404040404040404040404040405
00000000000000000000000000000000
04740404040404040404040404740404
04040404040404040404040404040404
04040404040404040404040404040404
04040404040404040404040504040404
00000000000000000000000000000000
00000000000000000000000000000000
00000000000000000000000000000000
00000000000000000000000000000000
04740404040404040404040404040404
00000000000000000000000000000000
00000000000000000000000000000000
04040404040404040404040404040404
04040404040404040404040404040404
00000000000000000000000000000000
04740404040404040404040404040404
00000000000000000000000000000000
04040404040404040404040404040404
04040304040404040404040404040404
04040404040404040404040404040404
04040404040404040404040404040404
00000000000000000010000000000000
00000000000000000000000000000000
00000000000000000000000000000000
00000000000000000000011000000000
04040404040404040404040404040404
00000000000000000000001000000000
00000000000000000010000000000000
04040404040404040404040404040404
04040404040404040404040404040404
10000000000000000010010000000000
04040404040404040404040404040404
00000000000000000000010000010000
04040404040404040404040404040404
04040404040404040404040404040404
04040404040404040404040404040404
04040404040404040404040404040405
00010000000000000000000000000000
00010000000010000010000000000000
00000000000000000000000000000000
00010000000000000000010000000100
04040404040404040404040404040404
00000000000000000000000000000000
00000000000000000000000000000100
04040404040404040404040404040414
04040404040404040404040404040414
00000000000000000000010000000000
04040404040404040404040404040414
00000000700000000000010000000000
04040404040404040404040404040404
04040404040404040404040404040404
04040404040404040404040404040404
04040404040404040404050404740404
00000000000000000000700000000000
00000000000000000000010000000000
00010000000000000000000000000000
00001000000000000000010000000100
05040404040404040404040414040404
00010000000000000000000000000000
00010007000010000000001000000000
04040404040404040404040404047414
04040474040404040404050404040414
00000000000010000000000000000000
04040404040404040404040404040414
00000000000010000000700000000000
04040474050404040404040404040404
04040404040404040404040404740404
04040404040404040404040414040404
04040404040404040404040404040404
10001000000000000000000000000000
00011000000000000000010000000100
00010000000010000000710000000000
00000000000010000000000000000100
04040404050404040404040414040414
00000000000010000000010000100100
00010000000000000000000007000100
04040404050404040404040414040414
04040404050404040404040404040404
00001000000010000000011000100100
04040404040404040404040404040415
10100000000010000000000000000100
04040404040404040404040404040404
04040474050404040404040404040404
04040404040404040404040404040404
04040474144374040404040414740414
00001000000000000000000000000100
04040404040404040404040404047404
04040404050404040404040404040404
04040404040404040404040404040414
00000100000000000000700000000100
04040404050404040404040404740404
04040403040404040404040414040404
00000000000010000000000000000000
07010000000000000000010700000100
05040404040404040404040514740404
00000000000000700000000000000100
04040473050404040404040404740414
00000000000010000000700000000000
00000000000007000001000000100000
00000110000000000000010000000100
00010000000000000000000000000000
